solid Exported from Blender-3.3.1
facet normal -0.087754 0.445488 0.890977
outer loop
vertex 0.000000 -1.000000 1.000000
vertex 0.000000 1.000000 0.000000
vertex -0.195090 -1.000000 0.980785
endloop
endfacet
facet normal -0.259888 0.445488 0.856737
outer loop
vertex -0.195090 -1.000000 0.980785
vertex 0.000000 1.000000 0.000000
vertex -0.382683 -1.000000 0.923880
endloop
endfacet
facet normal -0.422036 0.445488 0.789573
outer loop
vertex -0.382683 -1.000000 0.923880
vertex 0.000000 1.000000 0.000000
vertex -0.555570 -1.000000 0.831470
endloop
endfacet
facet normal -0.567965 0.445488 0.692067
outer loop
vertex -0.555570 -1.000000 0.831470
vertex 0.000000 1.000000 0.000000
vertex -0.707107 -1.000000 0.707107
endloop
endfacet
facet normal -0.692067 0.445488 0.567965
outer loop
vertex -0.707107 -1.000000 0.707107
vertex 0.000000 1.000000 0.000000
vertex -0.831470 -1.000000 0.555570
endloop
endfacet
facet normal -0.789573 0.445488 0.422036
outer loop
vertex -0.831470 -1.000000 0.555570
vertex 0.000000 1.000000 0.000000
vertex -0.923880 -1.000000 0.382683
endloop
endfacet
facet normal -0.856737 0.445488 0.259888
outer loop
vertex -0.923880 -1.000000 0.382683
vertex 0.000000 1.000000 0.000000
vertex -0.980785 -1.000000 0.195090
endloop
endfacet
facet normal -0.890977 0.445488 0.087754
outer loop
vertex -0.980785 -1.000000 0.195090
vertex 0.000000 1.000000 0.000000
vertex -1.000000 -1.000000 0.000000
endloop
endfacet
facet normal -0.890977 0.445488 -0.087754
outer loop
vertex -1.000000 -1.000000 0.000000
vertex 0.000000 1.000000 0.000000
vertex -0.980785 -1.000000 -0.195090
endloop
endfacet
facet normal -0.856737 0.445488 -0.259888
outer loop
vertex -0.980785 -1.000000 -0.195090
vertex 0.000000 1.000000 0.000000
vertex -0.923880 -1.000000 -0.382683
endloop
endfacet
facet normal -0.789573 0.445488 -0.422036
outer loop
vertex -0.923880 -1.000000 -0.382683
vertex 0.000000 1.000000 0.000000
vertex -0.831470 -1.000000 -0.555570
endloop
endfacet
facet normal -0.692067 0.445488 -0.567965
outer loop
vertex -0.831470 -1.000000 -0.555570
vertex 0.000000 1.000000 0.000000
vertex -0.707107 -1.000000 -0.707107
endloop
endfacet
facet normal -0.567965 0.445488 -0.692067
outer loop
vertex -0.707107 -1.000000 -0.707107
vertex 0.000000 1.000000 0.000000
vertex -0.555570 -1.000000 -0.831470
endloop
endfacet
facet normal -0.422036 0.445488 -0.789573
outer loop
vertex -0.555570 -1.000000 -0.831470
vertex 0.000000 1.000000 0.000000
vertex -0.382683 -1.000000 -0.923880
endloop
endfacet
facet normal -0.259888 0.445488 -0.856737
outer loop
vertex -0.382683 -1.000000 -0.923880
vertex 0.000000 1.000000 0.000000
vertex -0.195090 -1.000000 -0.980785
endloop
endfacet
facet normal -0.087754 0.445488 -0.890977
outer loop
vertex -0.195090 -1.000000 -0.980785
vertex 0.000000 1.000000 0.000000
vertex 0.000000 -1.000000 -1.000000
endloop
endfacet
facet normal 0.087754 0.445488 -0.890977
outer loop
vertex 0.000000 -1.000000 -1.000000
vertex 0.000000 1.000000 0.000000
vertex 0.195090 -1.000000 -0.980785
endloop
endfacet
facet normal 0.259888 0.445488 -0.856737
outer loop
vertex 0.195090 -1.000000 -0.980785
vertex 0.000000 1.000000 0.000000
vertex 0.382683 -1.000000 -0.923880
endloop
endfacet
facet normal 0.422036 0.445488 -0.789573
outer loop
vertex 0.382683 -1.000000 -0.923880
vertex 0.000000 1.000000 0.000000
vertex 0.555570 -1.000000 -0.831470
endloop
endfacet
facet normal 0.567965 0.445488 -0.692067
outer loop
vertex 0.555570 -1.000000 -0.831470
vertex 0.000000 1.000000 0.000000
vertex 0.707107 -1.000000 -0.707107
endloop
endfacet
facet normal 0.692067 0.445488 -0.567965
outer loop
vertex 0.707107 -1.000000 -0.707107
vertex 0.000000 1.000000 0.000000
vertex 0.831470 -1.000000 -0.555570
endloop
endfacet
facet normal 0.789573 0.445488 -0.422036
outer loop
vertex 0.831470 -1.000000 -0.555570
vertex 0.000000 1.000000 0.000000
vertex 0.923880 -1.000000 -0.382683
endloop
endfacet
facet normal 0.856737 0.445488 -0.259888
outer loop
vertex 0.923880 -1.000000 -0.382683
vertex 0.000000 1.000000 0.000000
vertex 0.980785 -1.000000 -0.195090
endloop
endfacet
facet normal 0.890977 0.445488 -0.087754
outer loop
vertex 0.980785 -1.000000 -0.195090
vertex 0.000000 1.000000 0.000000
vertex 1.000000 -1.000000 0.000000
endloop
endfacet
facet normal 0.890977 0.445488 0.087754
outer loop
vertex 1.000000 -1.000000 0.000000
vertex 0.000000 1.000000 0.000000
vertex 0.980785 -1.000000 0.195090
endloop
endfacet
facet normal 0.856737 0.445488 0.259888
outer loop
vertex 0.980785 -1.000000 0.195090
vertex 0.000000 1.000000 0.000000
vertex 0.923880 -1.000000 0.382683
endloop
endfacet
facet normal 0.789573 0.445488 0.422036
outer loop
vertex 0.923880 -1.000000 0.382683
vertex 0.000000 1.000000 0.000000
vertex 0.831470 -1.000000 0.555570
endloop
endfacet
facet normal 0.692067 0.445488 0.567965
outer loop
vertex 0.831470 -1.000000 0.555570
vertex 0.000000 1.000000 0.000000
vertex 0.707107 -1.000000 0.707107
endloop
endfacet
facet normal 0.567965 0.445488 0.692067
outer loop
vertex 0.707107 -1.000000 0.707107
vertex 0.000000 1.000000 0.000000
vertex 0.555570 -1.000000 0.831470
endloop
endfacet
facet normal 0.422036 0.445488 0.789573
outer loop
vertex 0.555570 -1.000000 0.831470
vertex 0.000000 1.000000 0.000000
vertex 0.382683 -1.000000 0.923880
endloop
endfacet
facet normal 0.000000 -1.000000 0.000000
outer loop
vertex 0.195090 -1.000000 0.980785
vertex 0.000000 -1.000000 1.000000
vertex -0.195090 -1.000000 0.980785
endloop
endfacet
facet normal 0.000000 -1.000000 0.000000
outer loop
vertex -0.195090 -1.000000 0.980785
vertex -0.382683 -1.000000 0.923880
vertex -0.555570 -1.000000 0.831470
endloop
endfacet
facet normal 0.000000 -1.000000 0.000000
outer loop
vertex -0.555570 -1.000000 0.831470
vertex -0.707107 -1.000000 0.707107
vertex -0.831470 -1.000000 0.555570
endloop
endfacet
facet normal 0.000000 -1.000000 0.000000
outer loop
vertex -0.831470 -1.000000 0.555570
vertex -0.923880 -1.000000 0.382683
vertex -0.980785 -1.000000 0.195090
endloop
endfacet
facet normal 0.000000 -1.000000 0.000000
outer loop
vertex -0.980785 -1.000000 0.195090
vertex -1.000000 -1.000000 0.000000
vertex -0.980785 -1.000000 -0.195090
endloop
endfacet
facet normal 0.000000 -1.000000 0.000000
outer loop
vertex -0.980785 -1.000000 -0.195090
vertex -0.923880 -1.000000 -0.382683
vertex -0.831470 -1.000000 -0.555570
endloop
endfacet
facet normal 0.000000 -1.000000 0.000000
outer loop
vertex -0.831470 -1.000000 -0.555570
vertex -0.707107 -1.000000 -0.707107
vertex -0.555570 -1.000000 -0.831470
endloop
endfacet
facet normal 0.000000 -1.000000 0.000000
outer loop
vertex -0.555570 -1.000000 -0.831470
vertex -0.382683 -1.000000 -0.923880
vertex -0.195090 -1.000000 -0.980785
endloop
endfacet
facet normal 0.000000 -1.000000 0.000000
outer loop
vertex -0.195090 -1.000000 -0.980785
vertex 0.000000 -1.000000 -1.000000
vertex 0.195090 -1.000000 -0.980785
endloop
endfacet
facet normal 0.000000 -1.000000 0.000000
outer loop
vertex 0.195090 -1.000000 -0.980785
vertex 0.382683 -1.000000 -0.923880
vertex 0.555570 -1.000000 -0.831470
endloop
endfacet
facet normal 0.000000 -1.000000 0.000000
outer loop
vertex 0.555570 -1.000000 -0.831470
vertex 0.707107 -1.000000 -0.707107
vertex 0.831470 -1.000000 -0.555570
endloop
endfacet
facet normal 0.000000 -1.000000 0.000000
outer loop
vertex 0.831470 -1.000000 -0.555570
vertex 0.923880 -1.000000 -0.382683
vertex 0.980785 -1.000000 -0.195090
endloop
endfacet
facet normal 0.000000 -1.000000 0.000000
outer loop
vertex 0.980785 -1.000000 -0.195090
vertex 1.000000 -1.000000 0.000000
vertex 0.980785 -1.000000 0.195090
endloop
endfacet
facet normal 0.000000 -1.000000 0.000000
outer loop
vertex 0.980785 -1.000000 0.195090
vertex 0.923880 -1.000000 0.382683
vertex 0.831470 -1.000000 0.555570
endloop
endfacet
facet normal 0.000000 -1.000000 0.000000
outer loop
vertex 0.831470 -1.000000 0.555570
vertex 0.707107 -1.000000 0.707107
vertex 0.555570 -1.000000 0.831470
endloop
endfacet
facet normal 0.000000 -1.000000 0.000000
outer loop
vertex 0.555570 -1.000000 0.831470
vertex 0.382683 -1.000000 0.923880
vertex 0.195090 -1.000000 0.980785
endloop
endfacet
facet normal 0.000000 -1.000000 -0.000001
outer loop
vertex 0.195090 -1.000000 0.980785
vertex -0.195090 -1.000000 0.980785
vertex -0.555570 -1.000000 0.831470
endloop
endfacet
facet normal 0.000000 -1.000000 0.000000
outer loop
vertex -0.555570 -1.000000 0.831470
vertex -0.831470 -1.000000 0.555570
vertex -0.980785 -1.000000 0.195090
endloop
endfacet
facet normal 0.000000 -1.000000 0.000000
outer loop
vertex -0.980785 -1.000000 0.195090
vertex -0.980785 -1.000000 -0.195090
vertex -0.831470 -1.000000 -0.555570
endloop
endfacet
facet normal 0.000000 -1.000000 0.000001
outer loop
vertex -0.831470 -1.000000 -0.555570
vertex -0.555570 -1.000000 -0.831470
vertex -0.195090 -1.000000 -0.980785
endloop
endfacet
facet normal 0.000000 -1.000000 0.000001
outer loop
vertex -0.195090 -1.000000 -0.980785
vertex 0.195090 -1.000000 -0.980785
vertex 0.555570 -1.000000 -0.831470
endloop
endfacet
facet normal 0.000000 -1.000000 0.000000
outer loop
vertex 0.555570 -1.000000 -0.831470
vertex 0.831470 -1.000000 -0.555570
vertex 0.980785 -1.000000 -0.195090
endloop
endfacet
facet normal 0.000000 -1.000000 0.000000
outer loop
vertex 0.980785 -1.000000 -0.195090
vertex 0.980785 -1.000000 0.195090
vertex 0.831470 -1.000000 0.555570
endloop
endfacet
facet normal 0.000000 -1.000000 -0.000001
outer loop
vertex 0.831470 -1.000000 0.555570
vertex 0.555570 -1.000000 0.831470
vertex 0.195090 -1.000000 0.980785
endloop
endfacet
facet normal 0.000000 -1.000000 0.000000
outer loop
vertex 0.195090 -1.000000 0.980785
vertex -0.555570 -1.000000 0.831470
vertex -0.980785 -1.000000 0.195090
endloop
endfacet
facet normal 0.000000 -1.000000 -0.000000
outer loop
vertex -0.980785 -1.000000 0.195090
vertex -0.831470 -1.000000 -0.555570
vertex -0.195090 -1.000000 -0.980785
endloop
endfacet
facet normal 0.000000 -1.000000 0.000000
outer loop
vertex -0.195090 -1.000000 -0.980785
vertex 0.555570 -1.000000 -0.831470
vertex 0.980785 -1.000000 -0.195090
endloop
endfacet
facet normal 0.000000 -1.000000 0.000000
outer loop
vertex 0.980785 -1.000000 -0.195090
vertex 0.831470 -1.000000 0.555570
vertex 0.195090 -1.000000 0.980785
endloop
endfacet
facet normal 0.000000 -1.000000 0.000000
outer loop
vertex 0.195090 -1.000000 0.980785
vertex -0.980785 -1.000000 0.195090
vertex -0.195090 -1.000000 -0.980785
endloop
endfacet
facet normal 0.000000 -1.000000 -0.000000
outer loop
vertex -0.195090 -1.000000 -0.980785
vertex 0.980785 -1.000000 -0.195090
vertex 0.195090 -1.000000 0.980785
endloop
endfacet
facet normal 0.259888 0.445488 0.856737
outer loop
vertex 0.382683 -1.000000 0.923880
vertex 0.000000 1.000000 0.000000
vertex 0.195090 -1.000000 0.980785
endloop
endfacet
facet normal 0.087754 0.445488 0.890977
outer loop
vertex 0.195090 -1.000000 0.980785
vertex 0.000000 1.000000 0.000000
vertex 0.000000 -1.000000 1.000000
endloop
endfacet
endsolid Exported from Blender-3.3.1
